NUMBER_OF_COMMANDS : 7
ALLCONTROL : 0
  0.0000000000000000e+00 -0.0000000000000000e+00
  1.0000000000000000e+00 -0.0000000000000000e+00
  1.0000000000000000e+00 -0.0000000000000000e+00
  0.0000000000000000e+00 -0.0000000000000000e+00
ALLCONTROL : 1
  7.0710678118654757e-01  0.0000000000000000e+00
  7.0710678118654746e-01 -8.6595605623549316e-17
 -7.0710678118654746e-01 -8.6595605623549316e-17
  7.0710678118654757e-01 -0.0000000000000000e+00
SINGLEGATE : 1
  0.0000000000000000e+00  0.0000000000000000e+00
  1.0000000000000000e+00  0.0000000000000000e+00
  1.0000000000000000e+00  0.0000000000000000e+00
  0.0000000000000000e+00  0.0000000000000000e+00
ALLCONTROL : 0
  5.7735026918962584e-01  0.0000000000000000e+00
  8.1649658092772603e-01 -9.9991992434789747e-17 
 -8.1649658092772603e-01 -9.9991992434789747e-17
  5.7735026918962584e-01 -0.0000000000000000e+00
SINGLEGATE : 1
  0.0000000000000000e+00  0.0000000000000000e+00
  1.0000000000000000e+00  0.0000000000000000e+00
  1.0000000000000000e+00  0.0000000000000000e+00
  0.0000000000000000e+00  0.0000000000000000e+00
ALLCONTROL : 1
 -7.0710678118654757e-01  8.6595605623549341e-17
 -3.5731629454852966e-16 -7.0710678118654746e-01
  3.5731629454852966e-16 -7.0710678118654746e-01
 -7.0710678118654757e-01 -8.6595605623549341e-17
ALLCONTROL : 0
  0.0000000000000000e+00  0.0000000000000000e+00
 -5.7667474161826995e-16 -1.0000000000000000e+00
  0.0000000000000000e+00 -1.0000000000000000e+00
  0.0000000000000000e+00  0.0000000000000000e+00
